1 0.488 0.6746153846153846 0.4688 0.6730769230769231 0.4684 0.6676923076923077 0.4704 0.6653846153846154 0.4744 0.666923076923077 0.476 0.6592307692307692 0.4792 0.6592307692307692 0.4824 0.6638461538461539 0.488 0.6638461538461539 0.4892 0.6676923076923077 0.488 0.6746153846153846
1 0.5112 0.6730769230769231 0.5024 0.6730769230769231 0.4968 0.6684615384615384 0.4936 0.6684615384615384 0.4932 0.6646153846153846 0.4992 0.6623076923076923 0.5016 0.6653846153846154 0.5104 0.6653846153846154 0.5112 0.6730769230769231
1 0.528 0.6823076923076923 0.5184 0.6792307692307692 0.5156 0.6753846153846154 0.5156 0.6723076923076923 0.5176 0.67 0.532 0.67 0.54 0.6715384615384615 0.5412 0.6753846153846154 0.5412 0.6784615384615384 0.5384 0.6807692307692308 0.536 0.6792307692307692 0.528 0.6823076923076923
1 0.2592 0.7053846153846154 0.2504 0.7007692307692308 0.244 0.7023076923076923 0.2408 0.6992307692307692 0.2368 0.6992307692307692 0.236 0.6961538461538461 0.2304 0.6946153846153846 0.228 0.69 0.2272 0.693076923076923 0.2256 0.693076923076923 0.216 0.6853846153846154 0.1992 0.6823076923076923 0.1984 0.6792307692307692 0.1944 0.6807692307692308 0.1912 0.6792307692307692 0.1908 0.6753846153846154 0.2008 0.6715384615384615 0.2064 0.6761538461538461 0.2088 0.6746153846153846 0.2144 0.6776923076923077 0.2152 0.6807692307692308 0.2224 0.6792307692307692 0.2272 0.686923076923077 0.228 0.6838461538461539 0.2424 0.686923076923077 0.244 0.693076923076923 0.2472 0.6884615384615385 0.2552 0.693076923076923 0.2576 0.6915384615384615 0.2604 0.6938461538461539 0.2604 0.703076923076923 0.2592 0.7053846153846154
1 0.5536 0.6838461538461539 0.5488 0.6823076923076923 0.5484 0.6753846153846154 0.5544 0.6776923076923077 0.5548 0.6815384615384615 0.5536 0.6838461538461539
1 0.4464 0.6884615384615385 0.4444 0.6876923076923077 0.4448 0.6823076923076923 0.4472 0.6823076923076923 0.4488 0.6776923076923077 0.4524 0.6784615384615384 0.452 0.6853846153846154 0.4464 0.6884615384615385
1 0.5672 0.7023076923076923 0.5632 0.7007692307692308 0.5616 0.6961538461538461 0.556 0.6946153846153846 0.5556 0.6892307692307692 0.5584 0.686923076923077 0.5592 0.6823076923076923 0.5616 0.6823076923076923 0.562 0.6892307692307692 0.5684 0.696923076923077 0.5672 0.7023076923076923
1 0.4432 0.6915384615384615 0.4404 0.6892307692307692 0.4408 0.6838461538461539 0.4436 0.6846153846153846 0.4432 0.6915384615384615
1 0.3496 0.71 0.348 0.71 0.3448 0.7038461538461539 0.3352 0.71 0.2824 0.7069230769230769 0.276 0.7038461538461539 0.2616 0.7023076923076923 0.2612 0.6984615384615385 0.2784 0.6976923076923077 0.2968 0.7023076923076923 0.3296 0.7038461538461539 0.3328 0.7007692307692308 0.3464 0.6976923076923077 0.3512 0.693076923076923 0.3568 0.6946153846153846 0.3584 0.6976923076923077 0.36 0.6946153846153846 0.3664 0.6976923076923077 0.3712 0.6961538461538461 0.3736 0.7007692307692308 0.3752 0.7007692307692308 0.3832 0.693076923076923 0.4176 0.693076923076923 0.4264 0.6884615384615385 0.438 0.6876923076923077 0.436 0.6961538461538461 0.4232 0.6961538461538461 0.4128 0.6992307692307692 0.4104 0.7023076923076923 0.3904 0.6992307692307692 0.376 0.7069230769230769 0.3696 0.7069230769230769 0.3664 0.7038461538461539 0.3616 0.7069230769230769 0.3608 0.7038461538461539 0.3568 0.7038461538461539 0.3552 0.7069230769230769 0.3504 0.7053846153846154 0.3496 0.71
1 0.5776 0.7069230769230769 0.5744 0.7069230769230769 0.5716 0.7015384615384616 0.5716 0.696923076923077 0.5768 0.6961538461538461 0.5776 0.6992307692307692 0.5792 0.6992307692307692 0.5804 0.7046153846153846 0.5776 0.7069230769230769
1 0.5936 0.7284615384615385 0.592 0.7284615384615385 0.5912 0.7238461538461538 0.586 0.72 0.5844 0.7138461538461538 0.5848 0.7084615384615385 0.5896 0.7115384615384616 0.592 0.7176923076923077 0.5964 0.7215384615384616 0.5964 0.7261538461538461 0.5936 0.7284615384615385
1 0.62 0.7438461538461538 0.6168 0.7438461538461538 0.6152 0.7392307692307692 0.6112 0.7407692307692307 0.6108 0.7369230769230769 0.6144 0.7284615384615385 0.616 0.7284615384615385 0.6212 0.7384615384615385 0.62 0.7438461538461538
1 0.636 0.7607692307692308 0.6272 0.7576923076923077 0.6256 0.7530769230769231 0.622 0.7507692307692307 0.622 0.7461538461538462 0.624 0.7453846153846154 0.6272 0.75 0.6352 0.7546153846153846 0.6364 0.7569230769230769 0.636 0.7607692307692308
1 0.6424 0.77 0.6396 0.7692307692307693 0.64 0.7638461538461538 0.6436 0.7646153846153846 0.6424 0.77
1 0.6488 0.7776923076923077 0.6468 0.7769230769230769 0.6464 0.7684615384615384 0.6492 0.7707692307692308 0.6488 0.7776923076923077
1 0.6744 0.7930769230769231 0.6704 0.7930769230769231 0.6684 0.7892307692307692 0.6676 0.7830769230769231 0.6728 0.7823076923076923 0.6748 0.7892307692307692 0.6744 0.7930769230769231
1 0.6784 0.7992307692307692 0.6764 0.7984615384615384 0.676 0.79 0.6796 0.7907692307692308 0.6796 0.796923076923077 0.6784 0.7992307692307692