1 0.3704 0.42230769230769233 0.3688 0.42230769230769233 0.368 0.4176923076923077 0.3616 0.4176923076923077 0.3584 0.4115384615384615 0.3544 0.4115384615384615 0.3488 0.41615384615384615 0.3436 0.40307692307692305 0.3436 0.4 0.3456 0.39615384615384613 0.3512 0.3976923076923077 0.3544 0.39153846153846156 0.3568 0.39153846153846156 0.3568 0.3976923076923077 0.3624 0.3992307692307692 0.3632 0.4023076923076923 0.3664 0.4023076923076923 0.3688 0.40692307692307694 0.372 0.40692307692307694 0.3732 0.40923076923076923 0.3732 0.41846153846153844 0.3712 0.41923076923076924 0.3704 0.42230769230769233
1 0.4024 0.4469230769230769 0.4008 0.4469230769230769 0.3944 0.4346153846153846 0.3912 0.43615384615384617 0.3904 0.4330769230769231 0.3848 0.42846153846153845 0.3816 0.42846153846153845 0.3796 0.4230769230769231 0.3796 0.41846153846153844 0.384 0.41615384615384615 0.3888 0.4207692307692308 0.392 0.41923076923076924 0.396 0.42846153846153845 0.3964 0.4246153846153846 0.3992 0.42230769230769233 0.4 0.4269230769230769 0.4056 0.42846153846153845 0.4096 0.4330769230769231 0.412 0.43153846153846154 0.422 0.4369230769230769 0.4208 0.4453846153846154 0.4128 0.4453846153846154 0.4088 0.44076923076923075 0.4032 0.44076923076923075 0.4024 0.4469230769230769
1 0.4304 0.45153846153846156 0.4256 0.45153846153846156 0.4236 0.44769230769230767 0.4248 0.43923076923076926 0.4316 0.4430769230769231 0.4316 0.4492307692307692 0.4304 0.45153846153846156
1 0.436 0.4623076923076923 0.4332 0.46 0.4344 0.44846153846153847 0.4388 0.4523076923076923 0.4388 0.4584615384615385 0.436 0.4623076923076923
1 0.4544 0.47307692307692306 0.4528 0.47307692307692306 0.4476 0.4646153846153846 0.448 0.4576923076923077 0.4528 0.4576923076923077 0.4588 0.46307692307692305 0.4588 0.46615384615384614 0.456 0.4684615384615385 0.4544 0.47307692307692306
1 0.5384 0.5592307692307692 0.5288 0.553076923076923 0.5284 0.5492307692307692 0.5256 0.5453846153846154 0.52 0.5407692307692308 0.5168 0.5407692307692308 0.5168 0.5346153846153846 0.5104 0.5346153846153846 0.504 0.5284615384615384 0.5008 0.5192307692307693 0.4984 0.5192307692307693 0.496 0.5146153846153846 0.4912 0.5146153846153846 0.4908 0.5107692307692308 0.4864 0.5038461538461538 0.4832 0.5023076923076923 0.4808 0.4946153846153846 0.4776 0.4946153846153846 0.4752 0.49 0.4712 0.49153846153846154 0.4708 0.48615384615384616 0.4672 0.4823076923076923 0.4632 0.48384615384615387 0.4636 0.4753846153846154 0.4584 0.47615384615384615 0.4572 0.4707692307692308 0.4616 0.4684615384615385 0.4664 0.4746153846153846 0.4696 0.47307692307692306 0.4736 0.4807692307692308 0.4824 0.48538461538461536 0.4848 0.49153846153846154 0.4856 0.48846153846153845 0.4872 0.48846153846153845 0.4936 0.5038461538461538 0.4992 0.5069230769230769 0.508 0.5223076923076924 0.5112 0.5207692307692308 0.512 0.5253846153846153 0.5224 0.5269230769230769 0.5272 0.5392307692307692 0.5312 0.5392307692307692 0.5316 0.5446153846153846 0.5388 0.5538461538461539 0.5384 0.5592307692307692
1 0.548 0.5653846153846154 0.54 0.5638461538461539 0.5396 0.56 0.5412 0.5584615384615385 0.5412 0.5538461538461539 0.5456 0.553076923076923 0.546 0.556923076923077 0.5484 0.56 0.548 0.5653846153846154
1 0.5536 0.5746153846153846 0.55 0.5723076923076923 0.5496 0.5592307692307692 0.554 0.563076923076923 0.5548 0.5692307692307692 0.5536 0.5746153846153846
1 0.5656 0.5823076923076923 0.5624 0.5807692307692308 0.5616 0.5761538461538461 0.5584 0.5776923076923077 0.5572 0.5753846153846154 0.5584 0.566923076923077 0.5616 0.566923076923077 0.566 0.5707692307692308 0.5668 0.58 0.5656 0.5823076923076923
1 0.6016 0.6038461538461538 0.5944 0.6023076923076923 0.5928 0.5976923076923077 0.592 0.6038461538461538 0.5888 0.6038461538461538 0.5884 0.5984615384615385 0.5864 0.5976923076923077 0.5856 0.5946153846153847 0.5824 0.5976923076923077 0.5796 0.5938461538461538 0.5792 0.5884615384615385 0.5728 0.5915384615384616 0.5696 0.5853846153846154 0.5672 0.5853846153846154 0.5668 0.5815384615384616 0.5704 0.573076923076923 0.5736 0.573076923076923 0.5744 0.5776923076923077 0.5776 0.5761538461538461 0.58 0.5807692307692308 0.584 0.5792307692307692 0.5872 0.5838461538461538 0.5888 0.5792307692307692 0.592 0.5792307692307692 0.5928 0.5869230769230769 0.5952 0.5853846153846154 0.5984 0.59 0.602 0.5892307692307692 0.6016 0.6038461538461538
1 0.624 0.6207692307692307 0.6176 0.6207692307692307 0.6104 0.6130769230769231 0.6088 0.6084615384615385 0.6048 0.6084615384615385 0.6036 0.6015384615384616 0.6056 0.5992307692307692 0.6104 0.5992307692307692 0.6152 0.6007692307692307 0.6168 0.6038461538461538 0.6224 0.6038461538461538 0.6244 0.6123076923076923 0.624 0.6207692307692307
0 0.7644 0.8292307692307692 0.7644 0.8323076923076923 0.7668 0.8353846153846154 0.7652 0.8415384615384616 0.7656 0.8453846153846154 0.7688 0.8453846153846154 0.7728 0.8530769230769231 0.7784 0.8515384615384616 0.7808 0.8561538461538462 0.7824 0.85 0.7844 0.8507692307692307 0.7844 0.8538461538461538 0.7888 0.8576923076923076 0.7868 0.8630769230769231 0.7868 0.8676923076923077 0.7808 0.8792307692307693 0.7824 0.8792307692307693 0.784 0.8838461538461538 0.7796 0.8876923076923077 0.7776 0.8915384615384615 0.7752 0.89 0.7732 0.8923076923076924 0.7732 0.8953846153846153 0.7748 0.8969230769230769 0.7704 0.9023076923076923 0.7696 0.8992307692307693 0.7664 0.8992307692307693 0.7648 0.9038461538461539 0.7616 0.9038461538461539 0.7604 0.9061538461538462 0.7604 0.9123076923076923 0.762 0.9153846153846154 0.7612 0.92 0.754 0.9184615384615384 0.754 0.9323076923076923 0.7468 0.9384615384615385 0.7468 0.9492307692307692 0.744 0.95 0.7436 0.9569230769230769 0.7412 0.9584615384615385 0.742 0.9753846153846154 0.7404 0.9892307692307692 0.7344 0.99 0.73 0.9953846153846154 0.73 0.9984615384615385 0.7336 0.9946153846153846 0.7342 0.9985384615384615 0.7376 0.9946153846153846 0.7384 0.9986153846153847 0.8296 0.9992307692307693 0.8284 0.9923076923076923 0.8296 0.99 0.8336 0.9992307692307693 0.8496 0.9992307692307693 0.8504 0.9946153846153846 0.8528 0.9961538461538462 0.856 0.99 0.864 0.99 0.866 0.9861538461538462 0.866 0.98 0.8692 0.9753846153846154 0.8692 0.9723076923076923 0.8664 0.9669230769230769 0.8624 0.9684615384615385 0.8616 0.9715384615384616 0.858 0.9661538461538461 0.8588 0.9615384615384616 0.8556 0.9569230769230769 0.8556 0.9492307692307692 0.8572 0.9461538461538461 0.856 0.9376923076923077 0.8512 0.9361538461538461 0.8504 0.926923076923077 0.8464 0.9261538461538461 0.85 0.9153846153846154 0.8528 0.9146153846153846 0.8532 0.9107692307692308 0.8496 0.9053846153846153 0.8456 0.9069230769230769 0.8448 0.9038461538461539 0.8388 0.9046153846153846 0.8372 0.8969230769230769 0.8348 0.8938461538461538 0.834 0.8876923076923077 0.8376 0.8869230769230769 0.8388 0.88 0.8332 0.8738461538461538 0.834 0.8692307692307693 0.8304 0.8607692307692307 0.8272 0.8592307692307692 0.8252 0.8676923076923077 0.8228 0.8707692307692307 0.8228 0.8738461538461538 0.820637037037037 0.8786324786324786 0.8188 0.8769230769230769 0.8189333333333333 0.8715384615384615 0.8164 0.8676923076923077 0.818 0.8569230769230769 0.8155259259259259 0.8573504273504274 0.8138222222222222 0.8502564102564102 0.8164 0.8507692307692307 0.818 0.8476923076923077 0.8188 0.8369230769230769 0.8202 0.8319230769230769 0.8248 0.833076923076923 0.8272 0.83 0.8276 0.8107692307692308 0.824 0.8038461538461539 0.8224 0.8038461538461539 0.8208 0.81 0.8172 0.8123076923076923 0.814 0.8123076923076923 0.8116 0.8107692307692308 0.8116 0.8061538461538461 0.8136 0.7992307692307692 0.8156 0.7984615384615384 0.8156 0.7907692307692308 0.8164 0.7846153846153846 0.814 0.7784615384615384 0.814 0.7676923076923077 0.8096 0.7623076923076924 0.8072 0.7623076923076924 0.806 0.7692307692307693 0.8084 0.7723076923076924 0.8084 0.7784615384615384 0.8064 0.7807692307692308 0.8056 0.7761538461538462 0.8008 0.7761538461538462 0.8 0.7792307692307693 0.798 0.78 0.7988 0.7846153846153846 0.7964 0.7861538461538462 0.7964 0.7907692307692308 0.7988 0.7938461538461539 0.7956 0.796923076923077 0.7956 0.8 0.7944 0.8023076923076923 0.7912 0.8007692307692308 0.7856 0.8023076923076923 0.7852 0.8076923076923077 0.7828 0.8107692307692308 0.7828 0.8153846153846154 0.7788 0.8184615384615385 0.776 0.8284615384615385 0.772 0.8284615384615385 0.7704 0.8315384615384616 0.7692 0.8292307692307692 0.7692 0.823076923076923 0.7672 0.8223076923076923 0.7644 0.8292307692307692