1 0.2256 0.17153846153846153 0.2216 0.17153846153846153 0.2176 0.16230769230769232 0.216 0.16538461538461538 0.2136 0.16538461538461538 0.2088 0.16076923076923078 0.2076 0.15384615384615385 0.2152 0.1453846153846154 0.2184 0.14692307692307693 0.22 0.14384615384615385 0.224 0.14384615384615385 0.2284 0.15384615384615385 0.2276 0.1676923076923077 0.2256 0.17153846153846153
1 0.2024 0.20692307692307693 0.1984 0.2053846153846154 0.1956 0.19384615384615383 0.2004 0.19076923076923077 0.1996 0.18307692307692308 0.2064 0.16692307692307692 0.2104 0.16692307692307692 0.2124 0.17076923076923076 0.2124 0.18923076923076923 0.2096 0.1946153846153846 0.204 0.1976923076923077 0.2044 0.20307692307692307 0.2024 0.20692307692307693
1 0.1848 0.22230769230769232 0.168 0.22076923076923077 0.166 0.2169230769230769 0.166 0.20923076923076922 0.1624 0.21153846153846154 0.1596 0.20615384615384616 0.1596 0.20307692307692307 0.1632 0.19923076923076924 0.1656 0.1930769230769231 0.1672 0.1930769230769231 0.1696 0.19923076923076924 0.1724 0.19538461538461538 0.1732 0.18923076923076923 0.176 0.18384615384615385 0.18 0.18384615384615385 0.1852 0.19076923076923077 0.1856 0.19615384615384615 0.192 0.19923076923076924 0.1948 0.2076923076923077 0.1936 0.21461538461538462 0.1896 0.21307692307692308 0.1848 0.22230769230769232
1 0.1488 0.22384615384615383 0.1432 0.22230769230769232 0.138 0.21384615384615385 0.138 0.2076923076923077 0.142 0.20153846153846153 0.142 0.19384615384615383 0.1448 0.18692307692307691 0.148 0.18692307692307691 0.1512 0.1976923076923077 0.1552 0.19923076923076924 0.158 0.20461538461538462 0.158 0.2123076923076923 0.152 0.22230769230769232 0.1488 0.22384615384615383
1 0.0792 0.27307692307692305 0.068 0.27307692307692305 0.0612 0.2630769230769231 0.0588 0.25384615384615383 0.0588 0.24769230769230768 0.0736 0.22384615384615383 0.08 0.22384615384615383 0.0836 0.22923076923076924 0.0836 0.2353846153846154 0.0764 0.24923076923076923 0.0768 0.25153846153846154 0.0816 0.25153846153846154 0.0864 0.24384615384615385 0.0904 0.2423076923076923 0.0976 0.23461538461538461 0.1064 0.21615384615384614 0.1144 0.21615384615384614 0.1192 0.21307692307692308 0.1296 0.20076923076923076 0.1328 0.20076923076923076 0.1348 0.20461538461538462 0.1356 0.21384615384615385 0.1288 0.23153846153846153 0.1248 0.23153846153846153 0.1176 0.24076923076923076 0.1144 0.24076923076923076 0.1128 0.2376923076923077 0.1088 0.2453846153846154 0.104 0.2469230769230769 0.0976 0.25769230769230766 0.096 0.25769230769230766 0.0928 0.2653846153846154 0.0896 0.2653846153846154 0.088 0.2684615384615385 0.0792 0.27307692307692305
1 0.0528 0.28846153846153844 0.0448 0.28692307692307695 0.0428 0.28307692307692306 0.0428 0.2753846153846154 0.048 0.26384615384615384 0.0512 0.26384615384615384 0.054 0.2692307692307692 0.0548 0.2846153846153846 0.0528 0.28846153846153844
1 0.024 0.30230769230769233 0.0208 0.30230769230769233 0.0172 0.2953846153846154 0.0172 0.2876923076923077 0.0224 0.2776923076923077 0.0264 0.2776923076923077 0.0284 0.2815384615384615 0.0284 0.29384615384615387 0.024 0.30230769230769233
1 0.436 0.4376923076923077 0.432 0.4376923076923077 0.43 0.4338461538461538 0.4284 0.42923076923076925 0.4284 0.42 0.4432 0.40384615384615385 0.4456 0.39615384615384613 0.4488 0.39615384615384613 0.4508 0.3923076923076923 0.4508 0.3861538461538462 0.4544 0.3792307692307692 0.46 0.3776923076923077 0.4624 0.37461538461538463 0.4696 0.37615384615384617 0.4772 0.3953846153846154 0.4772 0.40923076923076923 0.4704 0.4269230769230769 0.4624 0.42538461538461536 0.4608 0.42230769230769233 0.4584 0.43 0.4448 0.43 0.436 0.4376923076923077
1 0.3992 0.46384615384615385 0.3952 0.46384615384615385 0.3936 0.46076923076923076 0.3856 0.46076923076923076 0.384 0.4576923076923077 0.38 0.4576923076923077 0.3776 0.4623076923076923 0.3744 0.4623076923076923 0.3716 0.4553846153846154 0.3716 0.4492307692307692 0.3784 0.43 0.3864 0.43153846153846154 0.3888 0.4269230769230769 0.392 0.4269230769230769 0.396 0.42846153846153845 0.3992 0.43615384615384617 0.3996 0.4323076923076923 0.4056 0.4238461538461539 0.4096 0.4238461538461539 0.412 0.42846153846153845 0.4144 0.42846153846153845 0.4168 0.4238461538461539 0.42 0.4238461538461539 0.4216 0.4269230769230769 0.4256 0.4269230769230769 0.4276 0.4307692307692308 0.4276 0.43846153846153846 0.4248 0.4469230769230769 0.4208 0.4469230769230769 0.4168 0.4546153846153846 0.4136 0.4546153846153846 0.412 0.45153846153846156 0.4064 0.45153846153846156 0.4032 0.4623076923076923 0.3992 0.46384615384615385
1 0.5664 0.47307692307692306 0.5632 0.47307692307692306 0.5596 0.4646153846153846 0.5596 0.4584615384615385 0.564 0.45153846153846156 0.568 0.45153846153846156 0.57 0.4553846153846154 0.57 0.4676923076923077 0.5664 0.47307692307692306
1 0.672 0.5438461538461539 0.6656 0.5438461538461539 0.6628 0.5384615384615384 0.6628 0.5323076923076923 0.6656 0.5269230769230769 0.6688 0.5269230769230769 0.6692 0.5230769230769231 0.6728 0.5176923076923077 0.68 0.5176923076923077 0.682 0.5215384615384615 0.682 0.5276923076923077 0.6776 0.5361538461538462 0.6744 0.5361538461538462 0.672 0.5438461538461539
1 0.6176 0.5823076923076923 0.6144 0.5823076923076923 0.6124 0.5784615384615385 0.6124 0.5707692307692308 0.6216 0.5546153846153846 0.6304 0.5561538461538461 0.6324 0.56 0.6324 0.5661538461538461 0.6256 0.5792307692307692 0.62 0.5792307692307692 0.6176 0.5823076923076923
1 0.584 0.6207692307692307 0.5808 0.6207692307692307 0.5788 0.6169230769230769 0.5796 0.5984615384615385 0.5856 0.59 0.5888 0.59 0.5956 0.6015384615384616 0.5956 0.6076923076923076 0.5896 0.6192307692307693 0.584 0.6207692307692307
1 0.4376 0.6423076923076924 0.432 0.6423076923076924 0.43 0.6384615384615384 0.4292 0.6276923076923077 0.432 0.6207692307692307 0.4384 0.6207692307692307 0.4404 0.6246153846153846 0.4396 0.6384615384615384 0.4376 0.6423076923076924
1 0.4328 0.7146153846153847 0.4272 0.7146153846153847 0.4252 0.7107692307692308 0.4252 0.6907692307692308 0.4236 0.6846153846153846 0.42 0.6838461538461539 0.4124 0.6753846153846154 0.4116 0.6646153846153846 0.4152 0.6546153846153846 0.42 0.6546153846153846 0.4248 0.6623076923076923 0.4296 0.6576923076923077 0.4344 0.6576923076923077 0.4364 0.6615384615384615 0.438 0.6753846153846154 0.4356 0.6815384615384615 0.4356 0.6953846153846154 0.438 0.7 0.438 0.7076923076923077 0.4328 0.7146153846153847
1 0.6968 0.8838461538461538 0.6928 0.8838461538461538 0.6896 0.8792307692307693 0.6864 0.8792307692307693 0.684 0.8746153846153846 0.6816 0.8746153846153846 0.678 0.8676923076923077 0.6768 0.8576923076923076 0.6736 0.8576923076923076 0.6712 0.85 0.6632 0.8484615384615385 0.6612 0.8446153846153847 0.6612 0.8261538461538461 0.6684 0.8123076923076923 0.6684 0.8076923076923077 0.6704 0.8038461538461539 0.6752 0.7992307692307692 0.6864 0.8007692307692308 0.6936 0.8223076923076923 0.696 0.8223076923076923 0.6992 0.8284615384615385 0.7032 0.8315384615384616 0.7072 0.83 0.7116 0.8384615384615385 0.7116 0.8461538461538461 0.71 0.8492307692307692 0.7116 0.8538461538461538 0.7116 0.86 0.7072 0.8653846153846154 0.7024 0.8653846153846154 0.702 0.8723076923076923 0.6968 0.8838461538461538
1 0.7112 0.9453846153846154 0.7072 0.9453846153846154 0.7056 0.9423076923076923 0.696 0.9392307692307692 0.694 0.9353846153846154 0.694 0.9246153846153846 0.7 0.9146153846153846 0.7032 0.9146153846153846 0.7064 0.91 0.7068 0.9015384615384615 0.7088 0.8976923076923077 0.7168 0.8961538461538462 0.7188 0.9 0.7188 0.9092307692307692 0.722 0.916923076923077 0.722 0.9246153846153846 0.7184 0.933076923076923 0.7144 0.9361538461538461 0.7112 0.9453846153846154