1 0.3704 0.8007692307692308 0.368 0.8007692307692308 0.3672 0.7946153846153846 0.3628 0.7938461538461539 0.3608 0.7807692307692308 0.3588 0.7846153846153846 0.3588 0.7907692307692308 0.3568 0.7915384615384615 0.356 0.7853846153846153 0.3464 0.7792307692307693 0.3456 0.7746153846153846 0.3448 0.7776923076923077 0.3416 0.7792307692307693 0.3384 0.7792307692307693 0.3336 0.7746153846153846 0.3332 0.7692307692307693 0.3364 0.7646153846153846 0.3312 0.7623076923076924 0.3292 0.7553846153846154 0.3268 0.7538461538461538 0.3268 0.7461538461538462 0.3304 0.7438461538461538 0.3308 0.7369230769230769 0.3324 0.7353846153846154 0.33 0.7292307692307692 0.3308 0.7246153846153847 0.3276 0.7215384615384616 0.3276 0.7169230769230769 0.3312 0.7176923076923077 0.3332 0.7092307692307692 0.3312 0.7023076923076923 0.3296 0.7053846153846154 0.3268 0.7046153846153846 0.3276 0.7 0.3252 0.6953846153846154 0.3244 0.6784615384615384 0.3268 0.6738461538461539 0.3268 0.6661538461538462 0.3288 0.6638461538461539 0.3312 0.6638461538461539 0.3324 0.6661538461538462 0.3316 0.6707692307692308 0.334 0.6723076923076923 0.3324 0.6646153846153846 0.3332 0.66 0.3284 0.6538461538461539 0.3292 0.6446153846153846 0.3276 0.6430769230769231 0.3276 0.64 0.3288 0.6376923076923077 0.3376 0.6361538461538462 0.3384 0.6392307692307693 0.3448 0.6407692307692308 0.3452 0.6492307692307693 0.3436 0.6507692307692308 0.348 0.6592307692307692 0.3512 0.6530769230769231 0.3564 0.6538461538461539 0.3564 0.6507692307692308 0.354 0.6492307692307693 0.3548 0.6353846153846154 0.3532 0.6338461538461538 0.3532 0.6307692307692307 0.3544 0.6284615384615385 0.36 0.6284615384615385 0.3596 0.6353846153846154 0.3636 0.6369230769230769 0.3628 0.6476923076923077 0.3644 0.6523076923076923 0.3644 0.66 0.368 0.6623076923076923 0.3684 0.6676923076923077 0.3724 0.6738461538461539 0.3724 0.6784615384615384 0.3684 0.6815384615384615 0.3708 0.683076923076923 0.3708 0.6861538461538461 0.3688 0.686923076923077 0.3684 0.6907692307692308 0.3708 0.6923076923076923 0.3732 0.7046153846153846 0.3716 0.7169230769230769 0.3724 0.7523076923076923 0.3732 0.7569230769230769 0.3756 0.7584615384615384 0.3764 0.7646153846153846 0.3764 0.7676923076923077 0.3732 0.7707692307692308 0.3748 0.7723076923076924 0.3748 0.7753846153846153 0.3724 0.7769230769230769 0.374 0.7861538461538462 0.3704 0.8007692307692308
1 0.3564 0.68 0.3572 0.6753846153846154 0.3552 0.6730769230769231 0.3548 0.68 0.3564 0.68
1 0.3484 0.6861538461538461 0.35 0.683076923076923 0.3464 0.6807692307692308 0.3452 0.6861538461538461 0.3484 0.6861538461538461
1 0.5024 0.8746153846153846 0.4996 0.8723076923076923 0.4996 0.8692307692307693 0.5028 0.8661538461538462 0.5024 0.8607692307692307 0.4968 0.8607692307692307 0.4936 0.8576923076923076 0.492 0.8623076923076923 0.4892 0.8615384615384616 0.4876 0.8446153846153847 0.484 0.833076923076923 0.482 0.8338461538461538 0.4836 0.8369230769230769 0.4832 0.8407692307692308 0.4756 0.8415384615384616 0.4764 0.8246153846153846 0.4788 0.82 0.4776 0.8161538461538461 0.4728 0.8161538461538461 0.47 0.8107692307692308 0.4716 0.8 0.4736 0.7992307692307692 0.4768 0.7915384615384615 0.4804 0.7892307692307692 0.4788 0.7861538461538462 0.4788 0.7769230769230769 0.4804 0.7723076923076924 0.4824 0.7715384615384615 0.4828 0.7676923076923077 0.4868 0.7630769230769231 0.4864 0.7607692307692308 0.484 0.7623076923076924 0.4836 0.7569230769230769 0.4844 0.7507692307692307 0.4884 0.7476923076923077 0.4856 0.7423076923076923 0.484 0.7423076923076923 0.4836 0.7384615384615385 0.4892 0.7338461538461538 0.4868 0.7276923076923076 0.4868 0.7230769230769231 0.4904 0.7207692307692307 0.4948 0.7123076923076923 0.4932 0.7107692307692308 0.4932 0.7061538461538461 0.4964 0.703076923076923 0.4932 0.696923076923077 0.4932 0.6938461538461539 0.4952 0.693076923076923 0.496 0.6884615384615385 0.4976 0.6884615384615385 0.4992 0.693076923076923 0.5024 0.6915384615384615 0.5044 0.6938461538461539 0.5044 0.696923076923077 0.502 0.7 0.5024 0.7038461538461539 0.51 0.703076923076923 0.508 0.71 0.5044 0.7123076923076923 0.5044 0.72 0.5028 0.7215384615384616 0.502 0.7307692307692307 0.5104 0.7361538461538462 0.5108 0.7415384615384616 0.5088 0.7423076923076923 0.506 0.7523076923076923 0.502 0.7584615384615384 0.506 0.7584615384615384 0.5076 0.7676923076923077 0.5076 0.7830769230769231 0.51 0.7846153846153846 0.51 0.8 0.5076 0.8046153846153846 0.5068 0.8123076923076923 0.51 0.8184615384615385 0.5108 0.8307692307692308 0.5096 0.833076923076923 0.5072 0.8315384615384616 0.5068 0.8353846153846154 0.5092 0.8384615384615385 0.5084 0.8446153846153847 0.51 0.8461538461538461 0.5108 0.8553846153846154 0.5092 0.8569230769230769 0.5092 0.8676923076923077 0.5076 0.8692307692307693 0.5076 0.8723076923076923 0.5024 0.8746153846153846
1 0.3548 0.6938461538461539 0.3536 0.69 0.3508 0.6923076923076923 0.3512 0.6946153846153846 0.3548 0.6938461538461539
1 0.3484 0.7015384615384616 0.348 0.6961538461538461 0.3452 0.7015384615384616 0.3484 0.7015384615384616
1 0.3564 0.7107692307692308 0.3572 0.703076923076923 0.356 0.6992307692307692 0.354 0.7046153846153846 0.354 0.7092307692307692 0.3564 0.7107692307692308
1 0.35 0.74 0.3508 0.7276923076923076 0.3472 0.7269230769230769 0.346 0.7384615384615385 0.3472 0.7407692307692307 0.35 0.74
1 0.4948 0.7584615384615384 0.4956 0.7523076923076923 0.4936 0.7469230769230769 0.4932 0.7584615384615384 0.4948 0.7584615384615384
1 0.486 0.8138461538461539 0.4856 0.81 0.4836 0.8123076923076923 0.484 0.8146153846153846 0.486 0.8138461538461539
0 0.5932 0.009230769230769232 0.5924 0.013846153846153847 0.5924 0.021538461538461538 0.5948 0.023076923076923078 0.5956 0.02923076923076923 0.5976 0.03307692307692308 0.6028 0.03538461538461538 0.6028 0.04153846153846154 0.5988 0.04461538461538461 0.5988 0.06153846153846154 0.6 0.06384615384615384 0.6032 0.06384615384615384 0.6044 0.07076923076923076 0.6012 0.07230769230769231 0.6012 0.0876923076923077 0.6036 0.09076923076923077 0.6056 0.09923076923076923 0.6084 0.10153846153846154 0.6116 0.11692307692307692 0.6112 0.12076923076923077 0.6092 0.12153846153846154 0.6092 0.1276923076923077 0.6068 0.13384615384615384 0.6068 0.14 0.6084 0.14153846153846153 0.6088 0.1453846153846154 0.6152 0.14846153846153845 0.6172 0.15384615384615385 0.6156 0.15538461538461537 0.6156 0.1646153846153846 0.6172 0.16615384615384615 0.614 0.1723076923076923 0.614 0.18 0.6172 0.18153846153846154 0.618 0.19384615384615383 0.614 0.19846153846153847 0.614 0.20923076923076922 0.62 0.21153846153846154 0.6208 0.20846153846153845 0.6244 0.2076923076923077 0.626 0.20923076923076922 0.626 0.22615384615384615 0.6244 0.23846153846153847 0.6296 0.24076923076923076 0.6336 0.23461538461538461 0.634 0.24153846153846154 0.6368 0.2423076923076923 0.6392 0.25 0.6496 0.25153846153846154 0.6504 0.2453846153846154 0.6532 0.24461538461538462 0.653665306122449 0.25144427001569863 0.8366040816326531 0.24720565149136575 0.8392 0.2453846153846154 0.840669387755102 0.24711145996860281 0.844 0.24615384615384617 0.8488 0.2469230769230769 0.8518666666666667 0.24183760683760686 0.8532 0.24461538461538462 0.8549333333333334 0.23675213675213674 0.8641333333333334 0.22149572649572652 0.8656 0.21461538461538462 0.8672 0.2164102564102564 0.8733333333333334 0.2062393162393162 0.8732 0.2 0.8764 0.20115384615384616 0.8794666666666666 0.19606837606837607 0.8772 0.19076923076923077 0.8825333333333334 0.190982905982906 0.9561333333333334 0.06893162393162393 0.956 0.06384615384615384 0.9592 0.06384615384615384 0.9593714285714287 0.056043956043956046 0.9628 0.06 0.9636 0.052307692307692305 0.9656 0.04846153846153846 0.9688 0.04846153846153846 0.9692 0.04461538461538461 0.9724 0.04 0.9724 0.02923076923076923 0.9796 0.02 0.9796 0.009230769230769232 0.9772 0.007692307692307693 0.9768 -0.0007692307692307692 0.96405 -0.0004807692307692308 0.9608 0.006923076923076923 0.9598 -0.0003846153846153846 0.94705 -0.00009615384615384615 0.9444 0.004615384615384616 0.9428 0.003076923076923077 0.9428 0 0.9399555555555554 0.012222222222222223 0.9113333333333334 0.016410256410256414 0.9092 0.021538461538461538 0.9072444444444445 0.01700854700854701 0.906 0.02 0.9031555555555555 0.017606837606837608 0.9032 0.008461538461538461 0.8936 0.005384615384615384 0.892 0.01 0.8904 0.01 0.8888 0.0038461538461538464 0.8848 -0.0007692307692307692 0.8072 -0.0007692307692307692 0.806 0.003076923076923077 0.806 0.012307692307692308 0.8032 0.01769230769230769 0.8 0.01769230769230769 0.7968 0.022307692307692306 0.7952 0.01769230769230769 0.792 0.01769230769230769 0.7908 0.021538461538461538 0.7912 0.031538461538461536 0.7888 0.03307692307692308 0.7872 0.03 0.7816 0.03 0.7792 0.03923076923076923 0.7768 0.03461538461538462 0.7696 0.03307692307692308 0.7684 0.046153846153846156 0.7712 0.05307692307692308 0.7748 0.05692307692307692 0.7732 0.06923076923076923 0.7716 0.07076923076923076 0.7716 0.07692307692307693 0.7756 0.08 0.7756 0.08461538461538462 0.7772 0.0876923076923077 0.7772 0.10153846153846154 0.7796 0.10461538461538461 0.7796 0.10923076923076923 0.7764 0.11538461538461539 0.7764 0.12307692307692308 0.7808 0.12384615384615384 0.7824 0.12076923076923077 0.7844 0.12461538461538461 0.7844 0.12923076923076923 0.7892 0.13692307692307693 0.7884 0.15384615384615385 0.7872 0.1576923076923077 0.7824 0.16076923076923078 0.7808 0.1576923076923077 0.6796 0.16307692307692306 0.6776 0.16230769230769232 0.6752 0.15461538461538463 0.672 0.15153846153846154 0.6632 0.15153846153846154 0.6636 0.1646153846153846 0.6614 0.17038461538461538 0.6568 0.17307692307692307 0.6544 0.17307692307692307 0.6548 0.16923076923076924 0.6564 0.1676923076923077 0.6564 0.15846153846153846 0.6532 0.15692307692307692 0.6524 0.1476923076923077 0.6508 0.14307692307692307 0.6508 0.13538461538461538 0.6476 0.13230769230769232 0.6484 0.12307692307692308 0.6416 0.11923076923076924 0.6392 0.11153846153846154 0.6396 0.10461538461538461 0.6436 0.10153846153846154 0.6436 0.09538461538461539 0.6408 0.09461538461538462 0.6404 0.08923076923076922 0.638 0.0876923076923077 0.6372 0.07692307692307693 0.6384 0.07 0.642 0.06461538461538462 0.642 0.05846153846153846 0.6396 0.055384615384615386 0.6396 0.052307692307692305 0.6436 0.05076923076923077 0.6436 0.036923076923076927 0.6452 0.033846153846153845 0.6452 0.026153846153846153 0.6384 0.025384615384615384 0.6376 0.031538461538461536 0.6336 0.03307692307692308 0.6312 0.025384615384615384 0.6276 0.023076923076923078 0.6292 0.007692307692307693 0.6288 -0.0007692307692307692 0.596 -0.0007692307692307692 0.5956 0.007692307692307693 0.5932 0.009230769230769232