1 0.3832 0.39 0.3796 0.38769230769230767 0.3796 0.3830769230769231 0.3772 0.38153846153846155 0.3776 0.37615384615384617 0.3736 0.37615384615384617 0.372 0.37153846153846154 0.3688 0.37153846153846154 0.368 0.3669230769230769 0.3648 0.3669230769230769 0.3636 0.3646153846153846 0.3636 0.3553846153846154 0.3656 0.3546153846153846 0.3688 0.3576923076923077 0.3712 0.3515384615384615 0.3728 0.3515384615384615 0.374 0.35384615384615387 0.3728 0.3607692307692308 0.3776 0.35923076923076924 0.3844 0.37384615384615383 0.3844 0.37846153846153846 0.3828 0.38 0.3832 0.39
1 0.3472 0.37 0.3444 0.36923076923076925 0.3444 0.35846153846153844 0.348 0.3546153846153846 0.3536 0.3546153846153846 0.3548 0.36 0.354 0.36615384615384616 0.3496 0.36538461538461536 0.3472 0.37
1 0.1936 0.5238461538461539 0.1896 0.5207692307692308 0.1856 0.5223076923076924 0.182 0.5153846153846153 0.1828 0.5107692307692308 0.1804 0.5092307692307693 0.1804 0.5030769230769231 0.182 0.5015384615384615 0.1804 0.5 0.1812 0.49538461538461537 0.1772 0.4876923076923077 0.1764 0.47692307692307695 0.1732 0.4753846153846154 0.1736 0.47 0.176 0.47 0.1784 0.4653846153846154 0.1816 0.46384615384615385 0.1852 0.4676923076923077 0.1844 0.4753846153846154 0.1868 0.4846153846153846 0.1868 0.4907692307692308 0.1904 0.49153846153846154 0.1916 0.4969230769230769 0.1892 0.5123076923076924 0.194 0.5153846153846153 0.1936 0.5238461538461539
1 0.1712 0.47923076923076924 0.1688 0.47923076923076924 0.166 0.47384615384615386 0.166 0.4707692307692308 0.1704 0.47 0.1712 0.47923076923076924
1 0.1472 0.4976923076923077 0.144 0.4976923076923077 0.142 0.49230769230769234 0.1436 0.48307692307692307 0.1456 0.4807692307692308 0.1488 0.4807692307692308 0.1496 0.4869230769230769 0.152 0.48538461538461536 0.1532 0.4876923076923077 0.1528 0.4946153846153846 0.148 0.4946153846153846 0.1472 0.4976923076923077
1 0.1352 0.5176923076923077 0.132 0.5176923076923077 0.1308 0.5123076923076924 0.1308 0.4969230769230769 0.1328 0.4930769230769231 0.1344 0.4930769230769231 0.1364 0.49846153846153846 0.1364 0.5153846153846153 0.1352 0.5176923076923077
1 0.2016 0.5269230769230769 0.1964 0.5246153846153846 0.1964 0.5215384615384615 0.2008 0.5146153846153846 0.2028 0.5153846153846153 0.2028 0.5246153846153846 0.2016 0.5269230769230769
1 0.1344 0.6053846153846154 0.13 0.6030769230769231 0.1308 0.5938461538461538 0.1292 0.5892307692307692 0.1292 0.5784615384615385 0.1308 0.5769230769230769 0.1316 0.5692307692307692 0.1292 0.5661538461538461 0.1292 0.563076923076923 0.1308 0.5615384615384615 0.1308 0.5553846153846154 0.1284 0.5523076923076923 0.1292 0.5446153846153846 0.1268 0.5415384615384615 0.126 0.536923076923077 0.126 0.5338461538461539 0.1276 0.5323076923076923 0.126 0.5276923076923077 0.126 0.5215384615384615 0.1272 0.5192307692307693 0.1312 0.5192307692307693 0.1324 0.5215384615384615 0.1316 0.5323076923076923 0.1348 0.5353846153846153 0.1348 0.5523076923076923 0.138 0.556923076923077 0.1364 0.5661538461538461 0.1388 0.5692307692307692 0.1396 0.5753846153846154 0.138 0.6 0.1344 0.6053846153846154
1 0.3112 0.5884615384615385 0.3056 0.5869230769230769 0.304 0.5823076923076923 0.3016 0.5869230769230769 0.2976 0.5869230769230769 0.2972 0.583076923076923 0.2948 0.5815384615384616 0.294 0.5738461538461539 0.3016 0.5746153846153846 0.3004 0.5723076923076923 0.3004 0.5661538461538461 0.3032 0.5638461538461539 0.3068 0.5692307692307692 0.3048 0.5761538461538461 0.3072 0.5761538461538461 0.3076 0.5723076923076923 0.3096 0.5715384615384616 0.3116 0.5738461538461539 0.312 0.5776923076923077 0.3156 0.5815384615384616 0.3152 0.5853846153846154 0.3112 0.5884615384615385
1 0.3208 0.6007692307692307 0.3172 0.5984615384615385 0.3164 0.5892307692307692 0.3176 0.5838461538461538 0.3232 0.5838461538461538 0.3256 0.5761538461538461 0.3312 0.5776923076923077 0.3332 0.5815384615384616 0.3328 0.5869230769230769 0.3264 0.5884615384615385 0.3252 0.5953846153846154 0.3208 0.6007692307692307
1 0.136 0.71 0.13 0.7092307692307692 0.1268 0.6876923076923077 0.1276 0.683076923076923 0.1228 0.6815384615384615 0.1236 0.6753846153846154 0.126 0.6723076923076923 0.1268 0.6569230769230769 0.1284 0.6553846153846153 0.1252 0.6538461538461539 0.1244 0.6369230769230769 0.126 0.6353846153846154 0.126 0.6307692307692307 0.1304 0.6253846153846154 0.1328 0.6192307692307693 0.136 0.6207692307692307 0.1364 0.6261538461538462 0.1396 0.6323076923076923 0.138 0.6384615384615384 0.1412 0.6523076923076923 0.1404 0.6630769230769231 0.1412 0.6692307692307692 0.1436 0.6707692307692308 0.1436 0.6738461538461539 0.1404 0.68 0.1404 0.6938461538461539 0.1388 0.696923076923077 0.1388 0.7015384615384616 0.1356 0.703076923076923 0.136 0.71
1 0.1324 0.68 0.134 0.676923076923077 0.1336 0.6684615384615384 0.1316 0.6692307692307692 0.1324 0.68