1 0.4024 0.2592307692307692 0.4008 0.2592307692307692 0.3984 0.25153846153846154 0.3968 0.25461538461538463 0.3932 0.25384615384615383 0.3948 0.2353846153846154 0.3932 0.23384615384615384 0.3932 0.23076923076923078 0.3964 0.22615384615384615 0.3944 0.21923076923076923 0.3928 0.21769230769230768 0.39 0.22 0.3908 0.22923076923076924 0.3892 0.23076923076923078 0.3916 0.23384615384615384 0.3908 0.24307692307692308 0.3932 0.24615384615384617 0.3932 0.24923076923076923 0.3904 0.25 0.388 0.25769230769230766 0.3848 0.25769230769230766 0.3828 0.24307692307692308 0.3868 0.24 0.3844 0.23692307692307693 0.3844 0.22615384615384615 0.382 0.2246153846153846 0.382 0.21384615384615385 0.3792 0.21615384615384614 0.3756 0.21076923076923076 0.3784 0.20076923076923076 0.376 0.19923076923076924 0.3752 0.20384615384615384 0.3704 0.20384615384615384 0.3696 0.20692307692307693 0.364 0.20076923076923076 0.3632 0.2053846153846154 0.3608 0.2053846153846154 0.3588 0.20307692307692307 0.3596 0.19692307692307692 0.3584 0.19615384615384615 0.358 0.20307692307692307 0.3552 0.20384615384615384 0.3512 0.18692307692307691 0.3504 0.1930769230769231 0.3456 0.19 0.3444 0.19846153846153847 0.3408 0.2023076923076923 0.3388 0.19846153846153847 0.3388 0.19384615384615383 0.3396 0.18461538461538463 0.3428 0.18461538461538463 0.342 0.1753846153846154 0.3436 0.17384615384615384 0.3436 0.17076923076923076 0.3424 0.16846153846153847 0.34 0.16846153846153847 0.3384 0.16384615384615384 0.3352 0.16538461538461538 0.3304 0.15461538461538463 0.3316 0.1676923076923077 0.3288 0.16846153846153847 0.3268 0.1646153846153846 0.3232 0.14846153846153845 0.3152 0.14846153846153845 0.3144 0.15307692307692308 0.3108 0.1523076923076923 0.3108 0.14615384615384616 0.314 0.14 0.314 0.12923076923076923 0.3188 0.12615384615384614 0.3188 0.11692307692307692 0.3212 0.1123076923076923 0.3204 0.09846153846153846 0.322 0.09692307692307692 0.3216 0.09461538461538462 0.3168 0.09153846153846154 0.3164 0.08461538461538462 0.314 0.08153846153846153 0.3136 0.07769230769230769 0.3108 0.07538461538461538 0.3112 0.06692307692307692 0.3168 0.07 0.3196 0.07538461538461538 0.32 0.08076923076923077 0.3216 0.08076923076923077 0.324 0.07461538461538461 0.3256 0.07461538461538461 0.326 0.07846153846153846 0.328 0.08076923076923077 0.3288 0.07769230769230769 0.3324 0.07538461538461538 0.3328 0.06846153846153846 0.3396 0.06461538461538462 0.3396 0.06153846153846154 0.3468 0.04923076923076923 0.3468 0.04153846153846154 0.348 0.03923076923076923 0.352 0.03923076923076923 0.352 0.045384615384615384 0.3632 0.045384615384615384 0.3644 0.038461538461538464 0.3696 0.03 0.3712 0.03 0.372 0.03461538461538462 0.3756 0.033846153846153845 0.3772 0.043076923076923075 0.3756 0.04461538461538461 0.3756 0.04923076923076923 0.3724 0.052307692307692305 0.3716 0.06 0.3676 0.06153846153846154 0.3676 0.06923076923076923 0.3652 0.07384615384615385 0.3708 0.08307692307692308 0.3712 0.08692307692307692 0.378 0.08615384615384615 0.3772 0.09846153846153846 0.3784 0.10076923076923076 0.3872 0.10076923076923076 0.3884 0.10307692307692308 0.3884 0.11384615384615385 0.3896 0.11615384615384615 0.3912 0.1176923076923077 0.3928 0.11461538461538462 0.3952 0.11461538461538462 0.398 0.12461538461538461 0.3976 0.13307692307692306 0.3996 0.13230769230769232 0.4 0.12384615384615384 0.404 0.12230769230769231 0.4052 0.12923076923076923 0.4076 0.13230769230769232 0.4068 0.14307692307692307 0.4088 0.14692307692307693 0.416 0.14692307692307693 0.4192 0.14076923076923076 0.422 0.14307692307692307 0.422 0.1523076923076923 0.4172 0.16 0.4172 0.16307692307692306 0.4184 0.16384615384615384 0.42 0.1576923076923077 0.4232 0.15615384615384614 0.4252 0.1646153846153846 0.4196 0.17384615384615384 0.4196 0.18153846153846154 0.422 0.18461538461538463 0.422 0.18923076923076923 0.4232 0.19 0.4228 0.17846153846153845 0.4264 0.1776923076923077 0.4316 0.20153846153846153 0.4316 0.2076923076923077 0.4292 0.21076923076923076 0.43 0.2246153846153846 0.4288 0.22692307692307692 0.4256 0.22538461538461538 0.4252 0.23076923076923078 0.4312 0.23307692307692307 0.436 0.23153846153846153 0.4392 0.23461538461538461 0.4424 0.23153846153846153 0.4436 0.23384615384615384 0.4428 0.24 0.4412 0.24153846153846154 0.4428 0.24769230769230768 0.4424 0.25153846153846154 0.4392 0.25153846153846154 0.436 0.24384615384615385 0.4352 0.24846153846153846 0.4256 0.25461538461538463 0.4252 0.25076923076923074 0.4236 0.24923076923076923 0.4244 0.24307692307692308 0.4216 0.2423076923076923 0.4188 0.23692307692307693 0.418 0.23076923076923078 0.4204 0.22923076923076924 0.4176 0.22692307692307692 0.4144 0.2376923076923077 0.404 0.2376923076923077 0.4028 0.24 0.4056 0.24076923076923076 0.406 0.24461538461538462 0.4044 0.24615384615384617 0.4024 0.2592307692307692
1 0.354 0.09076923076923077 0.3536 0.08076923076923077 0.3528 0.08384615384615385 0.3484 0.08461538461538462 0.3504 0.08538461538461538 0.3512 0.09 0.354 0.09076923076923077
1 0.3252 0.11076923076923077 0.3284 0.10923076923076923 0.3272 0.10384615384615385 0.3256 0.10846153846153846 0.3236 0.10923076923076923 0.3252 0.11076923076923077
1 0.334 0.11538461538461539 0.3344 0.11153846153846154 0.3308 0.11384615384615385 0.3312 0.11615384615384615 0.334 0.11538461538461539
1 0.3268 0.13538461538461538 0.33 0.13384615384615384 0.328 0.12846153846153846 0.3252 0.13384615384615384 0.3256 0.13615384615384615 0.3268 0.13538461538461538
1 0.334 0.1523076923076923 0.3348 0.15076923076923077 0.3328 0.1453846153846154 0.334 0.1523076923076923
1 0.4164 0.1676923076923077 0.416 0.16538461538461538 0.4148 0.1676923076923077 0.4164 0.1676923076923077
1 0.4164 0.18 0.4148 0.17846153846153845 0.4152 0.18076923076923077 0.4164 0.18
1 0.3612 0.18615384615384614 0.3608 0.18384615384615385 0.3596 0.18615384615384614 0.3612 0.18615384615384614
1 0.358 0.19230769230769232 0.3588 0.18769230769230769 0.3568 0.1853846153846154 0.358 0.19230769230769232
1 0.3948 0.20461538461538462 0.3972 0.19846153846153847 0.3928 0.1946153846153846 0.3908 0.19846153846153847 0.3948 0.20461538461538462
1 0.5344 0.8930769230769231 0.5304 0.8930769230769231 0.5292 0.8907692307692308 0.53 0.8861538461538462 0.5288 0.8823076923076923 0.5228 0.88 0.5236 0.8738461538461538 0.5252 0.8723076923076923 0.5236 0.8692307692307693 0.5236 0.8630769230769231 0.5252 0.8615384615384616 0.5236 0.8553846153846154 0.5244 0.8476923076923077 0.5228 0.8461538461538461 0.5216 0.8392307692307692 0.5188 0.8384615384615385 0.5188 0.8338461538461538 0.5204 0.8307692307692308 0.5188 0.8292307692307692 0.518 0.823076923076923 0.5212 0.82 0.5164 0.8138461538461539 0.5164 0.8107692307692308 0.518 0.8092307692307692 0.5172 0.7984615384615384 0.5188 0.796923076923077 0.5188 0.7923076923076923 0.5168 0.7915384615384615 0.5156 0.7846153846153846 0.5108 0.7784615384615384 0.5108 0.7692307692307693 0.5092 0.7661538461538462 0.5092 0.7615384615384615 0.5072 0.7607692307692308 0.5064 0.7561538461538462 0.5028 0.7553846153846154 0.5028 0.7523076923076923 0.5052 0.7507692307692307 0.5072 0.7423076923076923 0.5104 0.7438461538461538 0.5112 0.7469230769230769 0.5128 0.7423076923076923 0.5192 0.7392307692307692 0.5192 0.7330769230769231 0.5248 0.7315384615384616 0.5252 0.7230769230769231 0.5272 0.7176923076923077 0.5288 0.7176923076923077 0.532 0.7269230769230769 0.5344 0.7269230769230769 0.5352 0.7315384615384616 0.5384 0.7223076923076923 0.542 0.7230769230769231 0.542 0.7307692307692307 0.5452 0.7369230769230769 0.5452 0.74 0.5428 0.7415384615384616 0.55 0.7492307692307693 0.5516 0.7553846153846154 0.55 0.7615384615384615 0.5524 0.7630769230769231 0.5516 0.7692307692307693 0.5528 0.7730769230769231 0.5556 0.7738461538461539 0.5548 0.78 0.5524 0.7815384615384615 0.5536 0.7853846153846153 0.5556 0.7861538461538462 0.5532 0.796923076923077 0.5556 0.7984615384615384 0.5556 0.8061538461538461 0.5576 0.806923076923077 0.5584 0.81 0.5592 0.806923076923077 0.562 0.8076923076923077 0.562 0.816923076923077 0.5604 0.82 0.562 0.8276923076923077 0.5652 0.8307692307692308 0.564 0.8392307692307692 0.5624 0.8392307692307692 0.56 0.8346153846153846 0.5576 0.8438461538461538 0.5548 0.8415384615384616 0.5544 0.8361538461538461 0.5512 0.8376923076923077 0.55 0.8338461538461538 0.55 0.8369230769230769 0.5532 0.84 0.5524 0.8492307692307692 0.5572 0.8553846153846154 0.5572 0.8584615384615385 0.5556 0.86 0.5572 0.8661538461538462 0.552 0.8684615384615385 0.5516 0.8646153846153846 0.5496 0.8638461538461538 0.5488 0.8607692307692307 0.5456 0.8638461538461538 0.5424 0.8592307692307692 0.542 0.8661538461538462 0.5396 0.8676923076923077 0.5396 0.8753846153846154 0.5368 0.8761538461538462 0.5352 0.8730769230769231 0.5332 0.8769230769230769 0.5356 0.8815384615384615 0.5344 0.8930769230769231
1 0.5484 0.8215384615384616 0.5488 0.8192307692307692 0.5476 0.82 0.5484 0.8215384615384616
1 0.5356 0.8661538461538462 0.5364 0.8630769230769231 0.5336 0.8607692307692307 0.5332 0.8630769230769231 0.5356 0.8661538461538462